24 0.5049019607843137 0.547930283224401 0.9607843137254902 0.8779956427015252
3 0.8562091503267975 0.21350762527233116 0.17647058823529413 0.1786492374727669
3 0.5163398692810458 0.3137254901960785 0.13725490196078433 0.21350762527233116
3 0.2573529411764706 0.4814814814814815 0.13562091503267976 0.1917211328976035
3 0.6576797385620915 0.47276688453159044 0.15522875816993464 0.1655773420479303
3 0.14052287581699346 0.2189542483660131 0.16339869281045752 0.1851851851851852
3 0.08333333333333334 0.6851851851851852 0.13725490196078433 0.1459694989106754
3 0.9370915032679739 0.4967320261437909 0.11601307189542484 0.18300653594771243
3 0.625 0.6710239651416122 0.11601307189542484 0.1525054466230937
3 0.39542483660130723 0.5555555555555556 0.1895424836601307 0.14814814814814817
3 0.45996732026143794 0.6742919389978214 0.11274509803921569 0.08932461873638345
